33
186
189
191
201
202
204
222
242
244
246
248
262
282
284
301
303
306
321
324
333
342
351
357
363
366
369
381
393
401
402
404
408
444
484
488
501
505
555
601
602
603
606
642
648
666
684
701
707
721
728
742
777
791
801
802
804
808
888
901
903
909
963
981
999
1001
1002
1005
1101
1111
1122
1155
1201
1202
1203
1204
1206
1284
1301
1326
1391
1401
1402
1407
1442
1484
1501
1503
1505
1601
1602
1604
1608
1701
1751
1768
1801
1802
1803
1806
1809
1901
2001
2002
2004
2142
2202
2222
2244
2346
2402
2404
2406
2408
2602
2802
2804
2884
3001
3003
3006
3162
3201
3204
3303
3333
3366
3402
3501
3507
3603
3606
3609
3801
3903
4001
4002
4004
4008
4284
4404
4444
4488
4804
4808
5001
5005
5505
5555
6001
6002
6003
6006
6402
6408
6606
6666
6804
7001
7007
7203
7301
7602
7707
7777
8001
8002
8004
8008
8808
8888
9001
9003
9009
9603
9801
9909
9999
10001
10002
10005
11001
11011
11022
11055
12001
12002
12003
12004
12006
12804
13001
13026
13806
14001
14002
14007
14406
14602
15001
15003
15005
16001
16002
16004
16008
17001
17017
17204
17901
18001
18002
18003
18006
18009
19001
20001
20002
20004
21042
22002
22022
22044
23046
24002
24004
24006
24008
26002
28002
28004
29406
30001
30003
30006
31062
31806
32001
32004
33003
33033
33066
34002
35001
35007
36003
36006
36009
38001
39003
40001
40002
40004
40008
42084
44004
44044
44088
48004
48008
50001
50005
55005
55055
60001
60002
60003
60006
64002
64008
66006
66066
68004
70001
70007
71001
71071
72002
72009
75005
77007
77077
78001
80001
80002
80004
80008
88008
88088
90001
90003
90009
96003
98001
99009
99099
100001
100002
100005
110001
110011
110022
110055
111001
111111
112002
115005
120001
120002
120003
120004
120006
128004
130001
130026
131001
132002
135005
140001
140002
140007
142002
144004
150001
150003
150005
160001
160002
160004
160008
170001
171003
176001
180001
180002
180003
180006
180009
190001
196004
200001
200002
200004
210042
216006
220002
220022
220044
222002
222222
224004
230046
234002
240002
240004
240006
240008
260002
262002
264004
280002
280004
284004
288008
294002
300001
300003
300006
310062
320001
320004
330003
330033
330066
333003
333333
336006
340002
342006
350001
350007
355005
360003
360006
360009
380001
390003
393003
396006
400001
400002
400004
400008
420084
440004
440044
440088
444004
444444
448008
468004
480004
480008
500001
500005
550005
550055
555005
555555
600001
600002
600003
600006
640002
640008
660006
660066
666006
666666
680004
694002
700001
700007
720006
750001
760004
770007
770077
771001
772002
775005
777007
777777
780003
800001
800002
800004
800008
880008
880088
888008
888888
900001
900003
900009
960003
980001
990009
990099
999009
999999
1000001
1000002
1000005
1100001
1100011
1100022
1100055
1200001
1200002
1200003
1200004
1200006
1280004
1300001
1300026
1313013
1320033
1340001
1360008
1380002
1400001
1400002
1400007
1500001
1500003
1500005
1600001
1600002
1600004
1600008
1700001
1740001
1760044
1780002
1800001
1800002
1800003
1800006
1800009
1900001
1930001
1960002
1980009
1980066
2000001
2000002
2000004
2100042
2200002
2200022
2200044
2300046
2400002
2400004
2400006
2400008
2600002
2626026
2640066
2680002
2800002
2800004
3000001
3000003
3000006
3100062
3150003
3200001
3200004
3300003
3300033
3300066
3400002
3500001
3500007
3600003
3600006
3600009
3800001
3900003
3910023
3920007
3939039
3960099
4000001
4000002
4000004
4000008
4200084
4400004
4400044
4400088
4800004
4800008
5000001
5000005
5500005
5500055
6000001
6000002
6000003
6000006
6400002
6400008
6600006
6600066
6800004
7000001
7000007
7200004
7400001
7500003
7700007
7700077
7800002
7920066
8000001
8000002
8000004
8000008
8800008
8800088
9000001
9000003
9000009
9600003
9800001
9900009
9900099
10000001
10000002
10000005
11000001
11000011
11000022
11000055
11100001
11100111
11200002
11320001
11500005
12000001
12000002
12000003
12000004
12000006
12800004
13000001
13000026
13200044
13300001
13600002
14000001
14000002
14000007
14400008
14800002
15000001
15000003
15000005
16000001
16000002
16000004
16000008
17000001
17720001
18000001
18000002
18000003
18000006
18000009
19000001
19600001
19800033
20000001
20000002
20000004
21000042
21200004
22000002
22000022
22000044
22200002
22200222
22400004
22640002
23000046
23200008
24000002
24000004
24000006
24000008
26000002
26400088
26600002
28000002
28000004
29240004
